
                                                                   rpm

                  [1000]   [2000]   [3000]   [4000]   [5000]   [6000]   [7000]   [8000]   [9000]  [10000]  [11000]  [12000] 
          [100]  7.05544  8.80287  10.5503  12.2977  14.0452  15.7926    17.54  19.2875  21.0349  22.7823  24.5298  26.2772 
           [91]  7.02772  8.77515  10.5226    12.27  14.0175  15.7649  17.5123  19.2598  21.0072  22.7546  24.5021  26.2495 
           [82]        7  8.74743  10.4949  12.2423  13.9897  15.7372  17.4846   19.232  20.9795  22.7269  24.4743  26.2218 
           [73]  6.97228  8.71971  10.4671  12.2146   13.962  15.7094  17.4569  19.2043  20.9517  22.6992  24.4466   26.194 
           [64]  6.94456  8.69199  10.4394  12.1869  13.9343  15.6817  17.4292  19.1766   20.924  22.6715  24.4189  26.1663 
 map (%)   [55]  6.91684  8.66427  10.4117  12.1591  13.9066   15.654  17.4014  19.1489  20.8963  22.6437  24.3912  26.1386 
           [46]  6.88912  8.63655   10.384  12.1314  13.8788  15.6263  17.3737  19.1211  20.8686   22.616  24.3634  26.1109 
           [37]   6.8614  8.60883  10.3563  12.1037  13.8511  15.5986   17.346  19.0934  20.8409  22.5883  24.3357  26.0832 
           [28]  6.83368  8.58111  10.3285   12.076  13.8234  15.5708  17.3183  19.0657  20.8131  22.5606   24.308  26.0554 
           [19]  6.80595  8.55339  10.3008  12.0483  13.7957  15.5431  17.2906   19.038  20.7854  22.5329  24.2803  26.0277 
           [10]  6.77823  8.52567  10.2731  12.0205   13.768  15.5154  17.2628  19.0103  20.7577  22.5051  24.2526       26 
            [1]  6.75051  8.49795  10.2454  11.9928  13.7402  15.4877  17.2351  18.9825    20.73  22.4774  24.2248  25.9723 

